# callgrind format
version: 1
creator: callgrind-3.18.1
pid: 13930
cmd:  ./multi
part: 1


desc: I1 cache: 
desc: D1 cache: 
desc: LL cache: 

desc: Timerange: Basic block 0 - 196402250
desc: Trigger: Program termination

positions: instr line
events: Ir
summary: 0


ob=(2) /usr/lib/x86_64-linux-gnu/libc.so.6
fl=(2) ./gmon/../sysdeps/x86_64/_mcount.S
fn=(4) mcount
0x129b60 26 320000
+4 +2 320000
+4 +2 320000
+4 +2 320000
+5 +2 320000
+5 +2 320000
+5 +2 320000
+5 +2 320000
+5 +2 320000
+5 +5 320000
+5 +2 320000
+4 +1 320000
cfi=(3) ./gmon/./gmon/mcount.c
cfn=(6) __mcount_internal
calls=320000 0x128e00 +10 
* * 8320012
+5 +3 320000
+5 +2 320000
+5 +2 320000
+5 +2 320000
+5 +2 320000
+5 +2 320000
+5 +2 320000
+4 +2 320000
+4 +2 320000

fl=(6) ???
fn=(16) 0x0000000000042520
cfi=(4) ./gmon/../sysdeps/unix/sysv/linux/profil-counter.h
cfn=(12) __profil_counter
calls=1 0x128f9d 50 
0x4251f 0 17

fl=(3)
fn=(6)
0x128e00 60 320000
+4 +12 320000
+2 * 320000
+5 * 320000
+9 * 320000
+6 +9 320000
+7 +1 320000
+7 * 320000
+6 +11 320000
+7 +4 320000
+7 -4 320000
+3 +4 320000
+3 * 320000
+4 +6 320000
+7 -5 320000
+3 +1 320000
+3 * 320000
+2 +16 319997
+4 * 319997
+4 +1 319997
+3 * 319997
+2 * 319997
+93 +53 319997
+11 +1 319997
+6 -67 3
+4 * 3
+4 +1 3
+7 -1 3
+4 +1 3
+21 +4 3
+3 +1 3
+4 * 3
+4 +1 3
+3 +1 3
+8 +1 3
+8 +57 3
+11 +1 3
+47 -50 319997
+5 +1 319997

fl=(4)
fn=(12)
0x128f60 25 751
fi=(5) ./gmon/../sysdeps/posix/profil.c
+4 +17 751
+7 * 751
+7 * 751
+3 +5 751
+6 * 751
+4 -5 751
+3 +5 751
+3 * 751
+4 * 751
+4 * 751
+4 * 751
+3 +2 751
+7 * 751
+2 +1 744
+7 * 744
fe=(4)
+5 -18 744
* * 7

ob=(1) /home/gpatigno/mygithub/RTS_2026-2/MODULO1/PROFILING/multi
fl=(1) ???
fn=(10) mult
0x14a9 0 80000
+4 0 80000
+1 0 80000
+3 0 80000
+4 0 80000
cob=(2)
cfi=(2)
cfn=(4)
calls=80000 0x129b60 26 
* 0 3760004
+6 0 80000
+7 0 80000
+7 0 80000
+2 0 64000000
+3 0 64000000
+4 0 64000000
+3 0 64000000
+4 0 64000000
+7 0 64000000
-7 0 80000
+7 0 80000
+2 0 80000
+3 0 80000
+1 0 80000

fn=(8) add
0x146f 0 160000
+4 0 160000
+1 0 160000
+3 0 160000
+4 0 160000
cob=(2)
cfi=(2)
cfn=(4)
calls=160000 0x129b60 26 
* 0 7520004
+6 0 160000
+7 0 160000
+7 0 160000
+2 0 128000000
+3 0 128000000
+3 0 128000000
+4 0 128000000
+7 0 128000000
-7 0 160000
+7 0 160000
+2 0 160000
+3 0 160000
+1 0 160000

fn=(2) foo
0x14e7 0 80000
+4 0 80000
+1 0 80000
+3 0 80000
+1 0 80000
cob=(2)
cfi=(2)
cfn=(4)
calls=80000 0x129b60 26 
* 0 3760004
+6 0 80000
+5 0 80000
cfn=(8)
calls=80000 0x146f 0 
* 0 324800004
+5 0 80000
+2 0 80000
+5 0 80000
cfn=(8)
calls=80000 0x146f 0 
* 0 324800000
+5 0 80000
+2 0 80000
+5 0 80000
cfn=(10)
calls=80000 0x14a9 0 
* 0 388800004
+5 0 80000
+2 0 80000
+4 0 80000
+1 0 80000

fn=(0) main
0x159c 0 1
+3 0 1
+4 0 1
+4 0 1
+10 0 1
+2 0 80000
+5 0 80000
cfn=(2)
calls=80000 0x14e7 0 
* 0 1043520012
+5 0 80000
+6 0 80000
+7 0 80000
+10 0 80000
-10 0 1
+10 0 1

totals: 1044012772
